8.630425095741064E10
8.263764127979604E11
1.2385528443766713E13
2.248652940878099E14
4.377302992448849E15
8.6610267726317632E16
1.72512927945687194E18
3.4306027780568474E19
6.852553414758572E20
1.3685911358524015E22
2.72698328647297E23
5.437020663479061E24
1.0806044758311624E26
2.1483754560740846E27
4.270975360477346E28
8.457220225713211E29
1.6774145657335837E31
3.3473124775085336E32
6.663583780658157E33
1.316745868709074E35
2.6147504516001056E36
5.180949745847588E37
1.0249950068009179E39
2.026737107361538E40
4.00209331756194E41
7.927269839809035E42
1.5686720385563603E44
3.110097765407948E45
6.134999653471927E46
1.2076227492003498E48
2.371097119238036E49
4.659246341630555E50
9.19434979603413E51
1.8069578641825857E53
3.5444132634073864E54
6.957416823172716E55
1.3706739007420838E57
2.682948589296158E58
5.262616008363381E59
1.0332204419801907E61
2.024984337957156E62
3.958902840105324E63
7.812648521208399E64
1.5407489502454712E66
3.014949952368614E67
5.918655898309549E68
1.1580863245321211E70
2.271086262060959E71
4.414978164284472E72
8.572110720854353E73
1.681010051861519E75
3.2518662988530077E76
6.358057433438236E77
1.2438034910402121E79
2.4208773111403983E80
4.7407328768258456E81
9.238799986561375E82
1.7804906556943404E84
3.465836348278806E85
6.688086491486169E86
1.293364539206905E88
2.4915951399936425E89
4.8717397511131565E90
9.516263279565356E91
1.836349039649303E93
3.572074695020306E94
6.935344050638956E95
1.3413961264009086E97
2.5320470698088475E98
4.889307483917591E99
9.304092249249262E100
1.7671940526071579E102
3.447056941543626E103
6.655307712309842E104
1.2788160593255982E106
2.444012332834943E107
4.702723010481375E108
9.071470096135791E109
1.737275040708255E111
3.3813616272284535E112
6.421551441336753E113
1.2237771281514107E115
2.3607840038688627E116
4.540329588599024E117
8.79725034414481E118
1.662254813528696E120
3.1885308059967254E121
6.131234285744648E122
1.169708369160658E124
2.2307899025205957E125
4.231346332808091E126
8.144572330880836E127
1.5580266021952732E129
2.956683362889896E130
5.557232643295717E131
1.0751684177587251E133
2.030413527436273E134
3.8768917627102595E135
7.486299052072565E136
1.3937940636296087E138
2.672120043501395E139
5.097757552714993E140
9.606249090131951E141
1.829493662815194E143
3.453882734425056E144
6.580550435846737E145
1.2298096834509907E147
2.2989772223231943E148
4.3922822230123375E149
8.314843133606475E150
1.5618236332304775E152
2.9869774966030698E153
5.785730696036881E154
1.0504046909087364E156
2.0461444968658725E157
3.868629695114791E158
7.265129243390943E159
1.3765972449827717E161
2.6248230292414358E162
4.975149670822827E163
9.108428570917369E164
1.699682727598796E166
3.20632771748996E167
6.091986249690604E168
8.630425095741275E10
8.218121696106416E11
1.1949321835488352E13
2.0589780277352175E14
3.7481562054634635E15
6.9399588594178928E16
1.2923178754517568E18
2.408291872854396E19
4.4935442756549457E20
8.361580871329292E21
1.5632212420571502E23
2.9027765314738086E24
5.410930807038447E25
1.0082875555675175E27
1.87294526657327E28
3.470941897222874E29
6.423427317831914E30
1.1917892510146734E32
2.214655360466174E33
4.091704706500841E34
7.57503924301695E35
1.3971803335499772E37
2.5844837740168062E38
4.7705788681852753E39
8.784114132620274E40
1.6177435402338514E42
2.9795309098937735E43
5.483699982585568E44
8.630425095741122E10
8.270012548806351E11
1.2399276796248117E13
2.2494523104158716E14
4.3798680279099925E15
8.6819325489922256E16
1.73036564261004544E18
3.452878966588868E19
6.899314765803896E20
1.3767142200437398E22
2.7514004763150325E23
5.479729140029649E24
1.0911575252645431E26
2.1726541157723175E27
4.327006939030572E28
8.585291005903093E29
1.7119120793535862E31
3.3853366569343295E32
6.712625907985709E33
1.3336236935592023E35
2.662771118021429E36
5.282364728341745E37
1.045132377678764E39
2.0682600824974151E40
4.090083283333854E41
8.102994160657185E42
1.5956473718828806E44
3.1586194380773374E45
6.253960448747821E46
1.2282349431039069E48
2.4179304267326546E49
4.75901920851445E50
9.335277880457555E51
1.8443615994186493E53
3.6262273421575004E54
7.107777899311986E55
1.3904453182877912E57
2.7175225031249347E58
5.332518899756422E59
1.0456707842807177E61
2.059752540465145E62
4.005959921332096E63
7.849505278087303E64
1.5310709147589312E66
2.9875846828694954E67
5.858650258863303E68
1.1495775104896649E70
2.247600699910804E71
4.347355929241422E72
8.589852631157187E73
1.6826932231379448E75
3.288777297028002E76
6.441951919267236E77
1.2559964635757862E79
2.4422821531038166E80
4.790317644888977E81
9.294946839520219E82
1.8098956145034453E84
3.4975537539731696E85
6.832946926634208E86
1.3144783927602772E88
2.5490357711943407E89
4.95624158953843E90
9.573892241854637E91
1.8221872814172447E93
3.536254374542174E94
6.876911234524519E95
1.3333263556506053E97
2.5707203567529184E98
4.940869836641822E99
9.483715676782949E100
1.8325273553274756E102
3.5626019183072344E103
6.827289693981231E104
1.2985225343803884E106
2.5202494570670924E107
4.907611427675669E108
9.50397087396904E109
1.821271513259366E111
3.4774278180235353E112
6.704292729406348E113
1.3012989751923863E115
2.487011059488229E116
4.8819389539185335E117
9.520109228203276E118
1.8200916593495337E120
8.63041550639671E10
8.178380470622402E11
1.2748140500007275E13
2.6101066539226328E14
5.955029106324892E15
1.40879615331653744E17
3.3596630093101763E18
8.028323191894704E19
1.9195891459613566E21
4.586947636746664E22
1.0964226332370228E24
